function coeffs = renormalized_ROM_coeffs2(epsilon,N)

coeffs = zeros(4,1);
coeffs(2) = -0.736484322584620*epsilon^-3.768112452272889*N^-5.808123274868915;




